19 0.293824 0.498125 0.041765 0.146250
48 0.389118 0.386250 0.027647 0.185000
22 0.937353 0.231875 0.034706 0.116250
28 0.075000 0.136875 0.014706 0.168750
48 0.190000 0.191875 0.021176 0.086250
28 0.465000 0.173750 0.100588 0.015000
38 0.721765 0.181250 0.030588 0.040000
39 0.070000 0.373750 0.030588 0.040000
31 0.750294 0.967500 0.025294 0.047500
31 0.189118 0.791250 0.025294 0.047500
23 0.310588 0.067500 0.024706 0.045000
23 0.341176 0.435000 0.024706 0.045000
4 0.039412 0.686250 0.022353 0.047500
4 0.462941 0.071250 0.022353 0.047500
4 0.801176 0.070000 0.022353 0.047500
7 0.951176 0.460000 0.022353 0.047500
8 0.144706 0.507500 0.022353 0.047500
9 0.631176 0.630000 0.022353 0.047500
7 0.912353 0.796250 0.022353 0.047500
27 0.177647 0.071250 0.022353 0.047500
28 0.592941 0.907500 0.022353 0.047500
46 0.977059 0.090000 0.022353 0.047500
46 0.692647 0.921875 0.022941 0.046250
41 0.031176 0.603750 0.017647 0.060000
25 0.809118 0.840625 0.031176 0.033750
30 0.870882 0.878125 0.015882 0.066250
28 0.119706 0.439375 0.015882 0.066250
2 0.165588 0.683750 0.032353 0.032500
12 0.209118 0.920000 0.030000 0.035000
33 0.530000 0.579375 0.027059 0.038750
34 0.516176 0.701250 0.018235 0.057500
16 0.925000 0.696875 0.033529 0.031250
17 0.970882 0.589375 0.033529 0.031250
18 0.702647 0.755625 0.033529 0.031250
42 0.547941 0.694375 0.017059 0.061250
8 0.782353 0.525625 0.022353 0.046250
11 0.255588 0.116250 0.011176 0.092500
21 0.889706 0.931250 0.011176 0.092500
23 0.093235 0.500000 0.021765 0.047500
23 0.789706 0.293750 0.021765 0.047500
23 0.670882 0.702500 0.021765 0.047500
23 0.362353 0.055625 0.022353 0.046250
23 0.172941 0.631875 0.022353 0.046250
23 0.902647 0.401250 0.021765 0.047500
26 0.829706 0.320000 0.021765 0.047500
35 0.492059 0.706250 0.021765 0.047500
35 0.862353 0.501875 0.022353 0.046250
35 0.484706 0.134375 0.022353 0.046250
35 0.965588 0.628750 0.021765 0.047500
36 0.025000 0.972500 0.021765 0.047500
36 0.638235 0.891875 0.022353 0.046250
36 0.897647 0.515625 0.022353 0.046250
36 0.489706 0.922500 0.021765 0.047500
10 0.727941 0.396250 0.015882 0.065000
13 0.234118 0.502500 0.031765 0.032500
15 0.518824 0.211250 0.031765 0.032500
24 0.964412 0.321250 0.015882 0.065000
24 0.639706 0.732500 0.015882 0.065000
3 0.470000 0.970625 0.032941 0.031250
4 0.843235 0.455625 0.026471 0.038750
43 0.915588 0.876250 0.024118 0.042500
44 0.734412 0.778750 0.024118 0.042500
45 0.845000 0.111250 0.024118 0.042500
14 0.882353 0.239375 0.028235 0.036250
1 0.629118 0.443750 0.019412 0.052500
20 0.289706 0.788125 0.015882 0.063750
0 0.136471 0.378750 0.014118 0.062500
