19 0.485000 0.714375 0.084118 0.293750
48 0.375882 0.259375 0.055294 0.371250
22 0.548235 0.250000 0.069412 0.232500
28 0.882353 0.270000 0.029412 0.337500
48 0.362647 0.655000 0.042941 0.172500
28 0.635294 0.090625 0.201176 0.031250
39 0.623235 0.831250 0.061765 0.080000
38 0.486471 0.902500 0.061176 0.080000
31 0.442647 0.078750 0.051176 0.095000
31 0.207353 0.768750 0.051176 0.095000
23 0.024706 0.194375 0.049412 0.091250
23 0.758235 0.681875 0.049412 0.091250
4 0.133529 0.235000 0.041176 0.087500
4 0.169706 0.946875 0.040588 0.086250
4 0.677353 0.535625 0.039412 0.083750
43 0.639118 0.940000 0.034706 0.062500
44 0.727059 0.858125 0.034118 0.061250
45 0.168235 0.451875 0.034118 0.061250
28 0.168824 0.643750 0.029412 0.062500
23 0.161765 0.715625 0.028235 0.061250
7 0.488824 0.176250 0.028235 0.060000
7 0.841176 0.251250 0.028235 0.060000
23 0.210294 0.286250 0.027647 0.060000
23 0.323529 0.095625 0.028235 0.058750
23 0.841176 0.438125 0.028235 0.058750
9 0.286765 0.056875 0.027647 0.058750
34 0.939412 0.601875 0.022353 0.071250
23 0.594706 0.578125 0.027059 0.058750
23 0.218824 0.929375 0.027059 0.058750
4 0.321765 0.778125 0.028235 0.041250
8 0.550882 0.650625 0.022941 0.048750
21 0.205294 0.538750 0.011765 0.095000
8 0.925588 0.927500 0.022941 0.047500
46 0.884706 0.923750 0.022353 0.047500
46 0.175000 0.554375 0.022941 0.046250
11 0.021471 0.789375 0.011176 0.091250
28 0.591765 0.956875 0.015294 0.063750
10 0.203529 0.428750 0.015294 0.062500
24 0.399412 0.640000 0.015294 0.062500
24 0.718824 0.438750 0.015294 0.062500
20 0.074706 0.798750 0.015294 0.060000
30 0.179706 0.069375 0.014706 0.061250
25 0.280294 0.761250 0.027647 0.030000
33 0.582059 0.046875 0.021765 0.031250
27 0.962059 0.329375 0.015882 0.033750
26 0.207941 0.350000 0.014706 0.032500
41 0.612941 0.736250 0.011765 0.040000
1 0.624706 0.543750 0.012941 0.035000
42 0.540294 0.511250 0.011176 0.040000
12 0.244412 0.365000 0.019412 0.022500
14 0.009118 0.110625 0.018235 0.023750
35 0.878529 0.966250 0.013529 0.030000
35 0.853235 0.100000 0.013529 0.030000
13 0.083235 0.177500 0.019412 0.020000
16 0.872353 0.585625 0.020000 0.018750
2 0.748824 0.811875 0.018824 0.018750
15 0.094412 0.855625 0.018235 0.018750
35 0.095294 0.505625 0.012941 0.026250
35 0.434706 0.276875 0.012941 0.026250
36 0.815000 0.947500 0.012353 0.027500
36 0.812941 0.749375 0.012941 0.026250
36 0.319412 0.026875 0.012941 0.026250
36 0.966765 0.877500 0.012353 0.027500
17 0.837647 0.948750 0.018824 0.017500
18 0.945882 0.381250 0.018824 0.017500
3 0.852647 0.576250 0.018235 0.017500
0 0.667647 0.961875 0.007059 0.031250
