23 0.3029411764705882 0.285625 0.007058823529411765 0.03125
22 0.8958823529411765 0.0425 0.012941176470588235 0.035
21 0.1585294117647059 0.2575 0.018235294117647058 0.0175
20 0.8594117647058823 0.614375 0.018823529411764704 0.01875
24 0.10617647058823529 0.691875 0.039411764705882354 0.08375
24 0.9223529411764706 0.93625 0.041176470588235294 0.0875
24 0.6108823529411764 0.728125 0.04058823529411765 0.08625
27 0.4764705882352941 0.23375 0.02823529411764706 0.06
28 0.4773529411764706 0.95 0.022941176470588236 0.0475
29 0.955 0.749375 0.022941176470588236 0.04875
30 0.3179411764705882 0.523125 0.027647058823529413 0.05875
31 0.6282352941176471 0.24875 0.015294117647058824 0.0625
32 0.07558823529411765 0.578125 0.011176470588235295 0.09125
19 0.7426470588235294 0.88375 0.019411764705882354 0.0225
18 0.9091176470588235 0.46625 0.019411764705882354 0.02
17 0.40441176470588236 0.971875 0.018235294117647058 0.02375
16 0.7938235294117647 0.843125 0.018235294117647058 0.01875
15 0.7182352941176471 0.528125 0.02 0.01875
14 0.7111764705882353 0.58875 0.018823529411764704 0.0175
13 0.36411764705882355 0.325 0.018823529411764704 0.0175
33 0.20088235294117648 0.845625 0.08411764705882353 0.29375
34 0.44588235294117645 0.2025 0.015294117647058824 0.06
35 0.23941176470588235 0.5875 0.011764705882352941 0.095
36 0.9576470588235294 0.1525 0.06941176470588235 0.2325
37 0.6511764705882352 0.32 0.02823529411764706 0.06
38 0.26529411764705885 0.690625 0.027058823529411764 0.05875
38 0.9220588235294118 0.3875 0.027647058823529413 0.06
40 0.5488235294117647 0.281875 0.027058823529411764 0.05875
40 0.9482352941176471 0.566875 0.02823529411764706 0.05875
40 0.08705882352941176 0.034375 0.02823529411764706 0.05875
43 0.6976470588235294 0.726875 0.02823529411764706 0.06125
44 0.11294117647058824 0.35375 0.015294117647058824 0.0625
45 0.851764705882353 0.36875 0.015294117647058824 0.0625
46 0.2361764705882353 0.67875 0.027647058823529413 0.03
12 0.35558823529411765 0.465 0.014705882352941176 0.0325
11 0.3561764705882353 0.195625 0.01588235294117647 0.03375
49 0.8173529411764706 0.200625 0.014705882352941176 0.06125
47 0.24941176470588236 0.3925 0.029411764705882353 0.0625
47 0.41705882352941176 0.484375 0.015294117647058824 0.06375
50 0.7861764705882353 0.58125 0.051176470588235295 0.095
51 0.4302941176470588 0.88625 0.051176470588235295 0.095
38 0.4429411764705882 0.344375 0.04941176470588235 0.09125
40 0.6405882352941177 0.145625 0.04941176470588235 0.09125
10 0.7908823529411765 0.809375 0.02176470588235294 0.03125
54 0.40058823529411763 0.678125 0.02235294117647059 0.07125
9 0.4585294117647059 0.13625 0.013529411764705882 0.03
8 0.6252941176470588 0.553125 0.012941176470588235 0.02625
7 0.12411764705882353 0.919375 0.012941176470588235 0.02625
6 0.21558823529411764 0.1975 0.013529411764705882 0.03
5 0.5138235294117647 0.7225 0.012352941176470587 0.0275
4 0.6676470588235294 0.045625 0.012941176470588235 0.02625
3 0.7129411764705882 0.456875 0.012941176470588235 0.02625
2 0.5285294117647059 0.06375 0.012352941176470587 0.0275
24 0.18352941176470589 0.628125 0.02823529411764706 0.04125
56 0.7035294117647058 0.22625 0.0611764705882353 0.08
57 0.865 0.525 0.061764705882352944 0.08
47 0.3276470588235294 0.7675 0.029411764705882353 0.3375
1 0.6747058823529412 0.14625 0.011764705882352941 0.04
0 0.7655882352941177 0.37875 0.011176470588235295 0.04
59 0.1461764705882353 0.31375 0.03470588235294118 0.0625
60 0.8323529411764706 0.681875 0.03411764705882353 0.06125
61 0.5517647058823529 0.839375 0.03411764705882353 0.06125
62 0.9173529411764706 0.794375 0.022941176470588236 0.04625
63 0.14529411764705882 0.425 0.02235294117647059 0.0475
47 0.5976470588235294 0.405625 0.2011764705882353 0.03125
65 0.4985294117647059 0.5075 0.04294117647058823 0.1725
65 0.061764705882352944 0.333125 0.05529411764705883 0.37125
